Laplacian smoothing, k=  5

-----------Correct classification rate--------------
[84.44, 96.29, 73.78, 79.0, 75.700, 71.21, 71.43, 71.69, 70.194174757281552, 79.0]


----------- Confusion Matrix--------------
[[ 84.44444444   0.           1.11111111   0.           1.11111111   5.55555556   4.44444444   0.           3.33333333   0.        ]
 [  0.          96.2962963    0.92592593   0.           0.           1.85185185   0.92592593   0.           0.           0.        ]
 [  1.94174757   3.88349515  73.78640777   5.82524272   0.97087379   0.           5.82524272   0.97087379   4.85436893   1.94174757]
 [  0.           2.           0.          79.           0.           3.           2.           6.           2.           6.        ]
 [  0.           0.93457944   0.           0.          75.70093458   0.           2.80373832   0.93457944   1.86915888  17.75700935]
 [  2.17391304   2.17391304   1.08695652  15.2173913    3.26086957   71.2123913   1.08695652   1.08695652   2.17391304   6.52173913]
 [  1.0989011    6.59340659   5.49450549   0.           7.69230769   5.49450549   71.42857143   0.           2.1978022    0.       ]
 [  0.           6.60377358   2.83018868   0.           2.83018868   0.           0.          71.69811321   1.88679245  14.1509434 ]
 [  1.94174757   1.94174757   2.91262136  12.62135922   1.94174757   4.85436893   0.97087379   0.97087379  70.19417476  11.65048544]
 [  1.           2.           1.           3.           9.           2.           0.           2.           1.          79.        ]]